version https://git-lfs.github.com/spec/v1
oid sha256:f8db4beb380ac44b2852f2d7ce59acadc8c8b1f1804e0143bf402d1cd55ac39b
size 266
